1 434 214 992 24 503 192 204 2 0 0 0 0 0 0 0 0 0 0 0 0 0 0 0 0 0
1 62 15 23 301 175 8 586 1233 2 0 0 0 0 0 0 0 0 0 0 0 0 0 0 0 0
1 31 128 81 80 9 61 2 0 0 0 0 0 0 0 0 0 0 0 0 0 0 0 0 0 0
1 15 526 150 5 135 101 88 5 282 2 0 0 0 0 0 0 0 0 0 0 0 0 0 0 0
1 757 2314 1134 1284 2 0 0 0 0 0 0 0 0 0 0 0 0 0 0 0 0 0 0 0 0
1 79 222 14 63 74 45 60 2 0 0 0 0 0 0 0 0 0 0 0 0 0 0 0 0 0
1 1020 1634 1613 1768 270 1076 2 0 0 0 0 0 0 0 0 0 0 0 0 0 0 0 0 0 0
1 149 344 52 479 1615 9 449 1687 1336 1081 2249 1863 2 0 0 0 0 0 0 0 0 0 0 0 0
1 1297 154 1908 1014 1896 6 11 1391 2 0 0 0 0 0 0 0 0 0 0 0 0 0 0 0 0
1 402 1034 870 11 926 17 1970 1241 2 0 0 0 0 0 0 0 0 0 0 0 0 0 0 0 0
1 12 1350 732 2355 2019 1759 2280 2 0 0 0 0 0 0 0 0 0 0 0 0 0 0 0 0 0
1 1565 2141 2125 8 2327 2 0 0 0 0 0 0 0 0 0 0 0 0 0 0 0 0 0 0 0
1 37 812 415 528 138 530 4 1370 43 121 170 115 2 0 0 0 0 0 0 0 0 0 0 0 0
1 987 1221 85 41 2336 18 1694 2285 292 2 0 0 0 0 0 0 0 0 0 0 0 0 0 0 0
1 1548 1445 467 1381 1265 248 1245 1553 2342 171 868 2 0 0 0 0 0 0 0 0 0 0 0 0 0
1 2200 47 122 13 2119 1951 109 909 4 2367 2 0 0 0 0 0 0 0 0 0 0 0 0 0 0
1 1566 112 1063 6 1419 1478 92 2 0 0 0 0 0 0 0 0 0 0 0 0 0 0 0 0 0
1 1287 233 483 277 326 1752 9 2087 2 0 0 0 0 0 0 0 0 0 0 0 0 0 0 0 0
1 77 22 9 329 403 157 1291 22 2 0 0 0 0 0 0 0 0 0 0 0 0 0 0 0 0
1 343 125 869 395 5 1942 953 1013 2 0 0 0 0 0 0 0 0 0 0 0 0 0 0 0 0
1 2154 972 4 2071 1390 4 22 2 0 0 0 0 0 0 0 0 0 0 0 0 0 0 0 0 0
1 428 258 392 391 274 114 305 10 478 114 275 2 0 0 0 0 0 0 0 0 0 0 0 0 0
1 1900 815 180 35 68 2 0 0 0 0 0 0 0 0 0 0 0 0 0 0 0 0 0 0 0
1 1981 1703 621 1861 9 1441 536 204 2 0 0 0 0 0 0 0 0 0 0 0 0 0 0 0 0
1 545 25 101 4 399 7 94 2 0 0 0 0 0 0 0 0 0 0 0 0 0 0 0 0 0
1 91 75 90 5 264 19 14 15 58 475 484 2 0 0 0 0 0 0 0 0 0 0 0 0 0
1 203 1477 234 100 7 1504 2042 582 1006 2 0 0 0 0 0 0 0 0 0 0 0 0 0 0 0
1 2052 32 18 2266 10 139 83 8 2187 2274 9 326 8 2143 1688 2 0 0 0 0 0 0 0 0 0
1 990 100 188 11 211 520 1511 2 0 0 0 0 0 0 0 0 0 0 0 0 0 0 0 0 0
1 1858 1100 1755 4 193 181 2 0 0 0 0 0 0 0 0 0 0 0 0 0 0 0 0 0 0
1 1029 611 892 2335 2151 5 1762 41 426 4 1195 9 1294 341 2 0 0 0 0 0 0 0 0 0 0
1 1697 2419 4 26 2131 242 1249 4 421 383 2 0 0 0 0 0 0 0 0 0 0 0 0 0 0
1 2188 1927 520 1461 54 543 1542 2146 2 0 0 0 0 0 0 0 0 0 0 0 0 0 0 0 0
1 1591 601 708 371 6 758 2 0 0 0 0 0 0 0 0 0 0 0 0 0 0 0 0 0 0
1 2418 236 267 2171 1917 939 2 0 0 0 0 0 0 0 0 0 0 0 0 0 0 0 0 0 0
1 2134 4 213 5 1656 1129 4 2034 1455 1313 2 0 0 0 0 0 0 0 0 0 0 0 0 0 0
1 318 2306 213 2240 1109 2373 1765 2058 1482 838 2 0 0 0 0 0 0 0 0 0 0 0 0 0 0
1 1582 1715 1650 1174 147 1425 2334 1936 2 0 0 0 0 0 0 0 0 0 0 0 0 0 0 0 0
1 404 605 1463 171 86 1811 6 350 2 0 0 0 0 0 0 0 0 0 0 0 0 0 0 0 0
1 1082 105 1754 2100 2 0 0 0 0 0 0 0 0 0 0 0 0 0 0 0 0 0 0 0 0
1 819 913 684 1616 2 0 0 0 0 0 0 0 0 0 0 0 0 0 0 0 0 0 0 0 0
1 1722 184 42 32 6 430 1394 2 0 0 0 0 0 0 0 0 0 0 0 0 0 0 0 0 0
1 313 314 1114 18 865 618 2 0 0 0 0 0 0 0 0 0 0 0 0 0 0 0 0 0 0
1 1693 622 861 762 612 1513 6 12 1670 16 230 2 0 0 0 0 0 0 0 0 0 0 0 0 0
1 1953 48 557 2189 6 964 871 927 1219 2 0 0 0 0 0 0 0 0 0 0 0 0 0 0 0
1 1150 2304 11 97 2 0 0 0 0 0 0 0 0 0 0 0 0 0 0 0 0 0 0 0 0
1 1398 1597 12 192 1246 2 0 0 0 0 0 0 0 0 0 0 0 0 0 0 0 0 0 0 0
1 2376 324 1978 19 11 211 1404 22 25 2 0 0 0 0 0 0 0 0 0 0 0 0 0 0 0
1 155 116 1540 1620 13 829 2 0 0 0 0 0 0 0 0 0 0 0 0 0 0 0 0 0 0
1 153 97 1329 1172 162 659 377 185 2 0 0 0 0 0 0 0 0 0 0 0 0 0 0 0 0
1 1957 1608 1121 705 1028 197 2 0 0 0 0 0 0 0 0 0 0 0 0 0 0 0 0 0 0
1 1167 8 119 33 519 1991 57 925 2 0 0 0 0 0 0 0 0 0 0 0 0 0 0 0 0
1 12 2219 1173 2309 247 8 419 344 888 2 0 0 0 0 0 0 0 0 0 0 0 0 0 0 0
1 1176 147 35 2311 914 1386 148 22 2 0 0 0 0 0 0 0 0 0 0 0 0 0 0 0 0
1 1527 1760 145 120 4 363 5 28 143 4 1473 497 36 2 0 0 0 0 0 0 0 0 0 0 0
1 433 1943 34 316 1239 930 6 1588 1686 2 0 0 0 0 0 0 0 0 0 0 0 0 0 0 0
1 12 367 2 0 0 0 0 0 0 0 0 0 0 0 0 0 0 0 0 0 0 0 0 0 0
1 30 8 43 2 0 0 0 0 0 0 0 0 0 0 0 0 0 0 0 0 0 0 0 0 0
1 1885 134 81 549 1544 23 491 24 118 2 0 0 0 0 0 0 0 0 0 0 0 0 0 0 0
1 1601 7 8 2403 105 1954 1745 2 0 0 0 0 0 0 0 0 0 0 0 0 0 0 0 0 0
1 1593 1921 1995 4 1318 1480 23 1296 1627 822 1448 1196 2 0 0 0 0 0 0 0 0 0 0 0 0
1 1890 2260 1324 1044 166 1930 276 1147 1103 985 531 2 0 0 0 0 0 0 0 0 0 0 0 0 0
1 1806 2382 76 5 1602 21 1677 1636 565 2097 2 0 0 0 0 0 0 0 0 0 0 0 0 0 0
1 2201 208 770 1460 6 2167 12 1824 2033 2283 5 165 2 0 0 0 0 0 0 0 0 0 0 0 0
1 1117 1903 1965 625 451 1804 1852 6 937 1137 206 10 2394 690 2 0 0 0 0 0 0 0 0 0 0
1 1403 236 18 2117 1341 9 66 2340 759 778 2 0 0 0 0 0 0 0 0 0 0 0 0 0 0
1 2070 1120 37 1788 996 1825 1286 2000 2411 43 121 689 5 2092 2 0 0 0 0 0 0 0 0 0 0
1 2369 450 933 1168 2 0 0 0 0 0 0 0 0 0 0 0 0 0 0 0 0 0 0 0 0
1 1781 2012 1958 1854 9 1802 1916 76 2 0 0 0 0 0 0 0 0 0 0 0 0 0 0 0 0
1 183 5 2064 1945 7 894 1426 2 0 0 0 0 0 0 0 0 0 0 0 0 0 0 0 0 0
1 2111 19 1557 4 1987 2 0 0 0 0 0 0 0 0 0 0 0 0 0 0 0 0 0 0 0
1 31 128 81 80 9 61 2 0 0 0 0 0 0 0 0 0 0 0 0 0 0 0 0 0 0
1 978 39 1413 1809 25 1524 2 0 0 0 0 0 0 0 0 0 0 0 0 0 0 0 0 0 0
1 511 252 1439 1575 1595 6 263 2 0 0 0 0 0 0 0 0 0 0 0 0 0 0 0 0 0
1 1469 1122 293 11 844 2013 5 578 1123 5 21 1692 142 1834 252 2107 277 1910 2 0 0 0 0 0 0
1 1918 110 539 33 525 9 307 190 10 477 296 1676 13 312 610 2212 335 1365 2 0 0 0 0 0 0
1 2269 2372 32 4 8 2202 206 14 912 1621 994 5 1571 2385 4 803 629 2 0 0 0 0 0 0 0
1 173 510 226 224 1357 2 0 0 0 0 0 0 0 0 0 0 0 0 0 0 0 0 0 0 0
1 29 28 76 541 51 53 50 317 2 0 0 0 0 0 0 0 0 0 0 0 0 0 0 0 0
1 279 9 8 374 20 169 500 246 152 2 0 0 0 0 0 0 0 0 0 0 0 0 0 0 0
1 2067 143 24 8 1789 2 0 0 0 0 0 0 0 0 0 0 0 0 0 0 0 0 0 0 0
1 775 1008 10 40 1078 1012 2 0 0 0 0 0 0 0 0 0 0 0 0 0 0 0 0 0 0
1 355 1434 835 2221 956 2 0 0 0 0 0 0 0 0 0 0 0 0 0 0 0 0 0 0 0
1 364 1837 38 51 595 2237 4 1726 2 0 0 0 0 0 0 0 0 0 0 0 0 0 0 0 0
1 265 465 489 5 372 442 517 68 2 0 0 0 0 0 0 0 0 0 0 0 0 0 0 0 0
1 62 299 2408 2121 8 1364 709 2 0 0 0 0 0 0 0 0 0 0 0 0 0 0 0 0 0
1 265 465 489 5 372 442 517 68 2 0 0 0 0 0 0 0 0 0 0 0 0 0 0 0 0
1 12 1112 507 412 2 0 0 0 0 0 0 0 0 0 0 0 0 0 0 0 0 0 0 0 0
1 524 1776 1842 816 2044 2 0 0 0 0 0 0 0 0 0 0 0 0 0 0 0 0 0 0 0
1 988 2137 2270 38 189 1459 24 1387 32 2 0 0 0 0 0 0 0 0 0 0 0 0 0 0 0
1 408 102 116 2423 98 49 12 1828 2 0 0 0 0 0 0 0 0 0 0 0 0 0 0 0 0
1 728 7 945 2358 65 2076 1766 10 1887 4 268 400 490 2 0 0 0 0 0 0 0 0 0 0 0
1 31 358 158 361 9 311 380 4 255 2 0 0 0 0 0 0 0 0 0 0 0 0 0 0 0
1 113 547 2203 1142 13 40 314 1519 2412 2375 40 468 2 0 0 0 0 0 0 0 0 0 0 0 0
1 1382 487 320 295 745 21 2322 7 410 2 0 0 0 0 0 0 0 0 0 0 0 0 0 0 0
1 239 70 209 5 472 2 0 0 0 0 0 0 0 0 0 0 0 0 0 0 0 0 0 0 0
1 91 75 90 5 264 19 14 15 58 475 484 2 0 0 0 0 0 0 0 0 0 0 0 0 0
1 297 342 471 285 289 310 389 2 0 0 0 0 0 0 0 0 0 0 0 0 0 0 0 0 0
1 16 257 498 352 235 161 130 208 2 0 0 0 0 0 0 0 0 0 0 0 0 0 0 0 0
1 425 281 32 298 499 4 416 7 502 110 2 0 0 0 0 0 0 0 0 0 0 0 0 0 0
1 1428 1873 397 1075 773 12 245 229 2088 397 2040 1846 195 284 2 0 0 0 0 0 0 0 0 0 0
1 26 239 1570 1790 2082 5 2164 1702 4 125 2 0 0 0 0 0 0 0 0 0 0 0 0 0 0
1 130 1302 16 544 559 2 0 0 0 0 0 0 0 0 0 0 0 0 0 0 0 0 0 0 0
1 1250 1924 23 11 1368 1057 2 0 0 0 0 0 0 0 0 0 0 0 0 0 0 0 0 0 0
1 113 122 17 2036 460 7 406 45 2 0 0 0 0 0 0 0 0 0 0 0 0 0 0 0 0
1 31 198 73 231 127 454 132 2 0 0 0 0 0 0 0 0 0 0 0 0 0 0 0 0 0
1 823 989 2290 4 1800 2 0 0 0 0 0 0 0 0 0 0 0 0 0 0 0 0 0 0 0
1 821 678 1962 2259 790 7 1379 17 21 1348 2 0 0 0 0 0 0 0 0 0 0 0 0 0 0
1 2099 303 2339 4 876 2415 1232 118 2 0 0 0 0 0 0 0 0 0 0 0 0 0 0 0 0
1 1862 2239 1635 415 83 2347 1733 2161 1328 719 1909 2 0 0 0 0 0 0 0 0 0 0 0 0 0
1 67 2241 194 2357 2341 1850 278 1791 2 0 0 0 0 0 0 0 0 0 0 0 0 0 0 0 0
1 12 1361 105 2387 2020 2 0 0 0 0 0 0 0 0 0 0 0 0 0 0 0 0 0 0 0
1 287 2282 328 575 2 0 0 0 0 0 0 0 0 0 0 0 0 0 0 0 0 0 0 0 0
1 1212 1624 4 1277 1301 558 2265 36 2 0 0 0 0 0 0 0 0 0 0 0 0 0 0 0 0
1 62 205 1244 11 975 637 405 15 10 8 1784 1266 1402 2 0 0 0 0 0 0 0 0 0 0 0
1 1211 1346 1179 93 221 422 251 1495 2 0 0 0 0 0 0 0 0 0 0 0 0 0 0 0 0
1 375 212 82 481 1773 2226 2031 175 1799 2046 1400 538 2 0 0 0 0 0 0 0 0 0 0 0 0
1 35 726 7 1238 1723 46 110 2353 2 0 0 0 0 0 0 0 0 0 0 0 0 0 0 0 0
1 1839 59 1630 9 1095 2114 1897 68 4 125 2 0 0 0 0 0 0 0 0 0 0 0 0 0 0
1 346 1517 302 194 603 2159 463 1098 2 0 0 0 0 0 0 0 0 0 0 0 0 0 0 0 0
1 338 5 112 323 345 13 698 1067 2 0 0 0 0 0 0 0 0 0 0 0 0 0 0 0 0
1 99 2407 2045 2227 1371 259 729 256 2 0 0 0 0 0 0 0 0 0 0 0 0 0 0 0 0
1 1731 545 25 101 1188 6 399 7 94 2 0 0 0 0 0 0 0 0 0 0 0 0 0 0 0
1 2261 1968 2299 1632 639 2 0 0 0 0 0 0 0 0 0 0 0 0 0 0 0 0 0 0 0
1 2251 1292 1720 11 928 1023 594 2 0 0 0 0 0 0 0 0 0 0 0 0 0 0 0 0 0
1 15 526 150 5 135 101 88 5 282 2 0 0 0 0 0 0 0 0 0 0 0 0 0 0 0
1 16 2209 1979 658 1883 5 1334 685 2174 938 2 0 0 0 0 0 0 0 0 0 0 0 0 0 0
1 93 28 168 5 106 29 4 216 96 5 51 53 50 240 2 0 0 0 0 0 0 0 0 0 0
1 1833 1841 878 794 2 0 0 0 0 0 0 0 0 0 0 0 0 0 0 0 0 0 0 0 0
1 792 89 1572 2297 88 5 824 5 243 2 0 0 0 0 0 0 0 0 0 0 0 0 0 0 0
1 29 1359 839 1899 1064 2 0 0 0 0 0 0 0 0 0 0 0 0 0 0 0 0 0 0 0
1 1087 2301 1143 315 5 721 2348 1184 4 26 2 0 0 0 0 0 0 0 0 0 0 0 0 0 0
1 1436 348 2155 665 5 92 2 0 0 0 0 0 0 0 0 0 0 0 0 0 0 0 0 0 0
1 1805 895 41 9 921 1709 9 2312 2 0 0 0 0 0 0 0 0 0 0 0 0 0 0 0 0
1 93 28 168 5 106 29 4 216 96 5 51 53 50 240 2 0 0 0 0 0 0 0 0 0 0
1 31 198 73 231 127 454 132 2 0 0 0 0 0 0 0 0 0 0 0 0 0 0 0 0 0
1 486 84 2048 4 1926 1105 4 2267 141 455 1691 5 1734 2 0 0 0 0 0 0 0 0 0 0 0
1 318 1603 5 215 40 21 407 379 1905 4 241 400 2113 2 0 0 0 0 0 0 0 0 0 0 0
1 1646 1739 1881 1750 640 24 200 1061 4 241 2 0 0 0 0 0 0 0 0 0 0 0 0 0 0
1 1276 2424 474 10 1009 1973 2 0 0 0 0 0 0 0 0 0 0 0 0 0 0 0 0 0 0
1 26 196 238 176 66 4 125 2 0 0 0 0 0 0 0 0 0 0 0 0 0 0 0 0 0
1 1010 585 1207 1585 78 1827 1964 9 2273 2 0 0 0 0 0 0 0 0 0 0 0 0 0 0 0
1 72 373 5 303 1901 1256 2047 25 294 2 0 0 0 0 0 0 0 0 0 0 0 0 0 0 0
1 1070 11 820 966 469 880 1125 4 26 2 0 0 0 0 0 0 0 0 0 0 0 0 0 0 0
1 1543 1977 1586 1358 1274 2 0 0 0 0 0 0 0 0 0 0 0 0 0 0 0 0 0 0 0
1 12 492 146 4 2308 1779 1633 515 711 1619 5 409 17 340 692 189 87 2361 534 33 309 5 112 1822 2
1 349 1017 2 0 0 0 0 0 0 0 0 0 0 0 0 0 0 0 0 0 0 0 0 0 0
1 735 1275 5 468 597 304 7 201 682 1576 1110 2 0 0 0 0 0 0 0 0 0 0 0 0 0
1 1969 440 156 1502 1224 1282 2 0 0 0 0 0 0 0 0 0 0 0 0 0 0 0 0 0 0
1 1367 917 2172 1561 201 237 5 852 2026 2351 86 42 87 5 421 2 0 0 0 0 0 0 0 0 0
1 37 354 191 6 424 95 2 0 0 0 0 0 0 0 0 0 0 0 0 0 0 0 0 0 0
1 1919 905 382 7 1529 464 357 33 23 382 2365 41 1326 2 0 0 0 0 0 0 0 0 0 0 0
1 2181 1838 325 7 965 960 1864 2041 2 0 0 0 0 0 0 0 0 0 0 0 0 0 0 0 0
1 387 1417 1126 544 30 2149 1949 16 1055 2 0 0 0 0 0 0 0 0 0 0 0 0 0 0 0
1 133 58 513 156 2324 620 84 1019 751 2292 2 0 0 0 0 0 0 0 0 0 0 0 0 0 0
1 522 2079 2192 2073 1288 122 4 1857 1537 36 2 0 0 0 0 0 0 0 0 0 0 0 0 0 0
1 2281 7 1307 2 0 0 0 0 0 0 0 0 0 0 0 0 0 0 0 0 0 0 0 0 0
1 330 1922 1672 2054 4 1022 251 1366 14 1001 2 0 0 0 0 0 0 0 0 0 0 0 0 0 0
1 217 1002 1148 79 915 6 1285 1163 13 222 327 528 45 60 2 0 0 0 0 0 0 0 0 0 0
1 365 244 25 511 1980 2247 42 234 703 6 200 1878 2 0 0 0 0 0 0 0 0 0 0 0 0
1 809 1499 5 1518 1963 280 2 0 0 0 0 0 0 0 0 0 0 0 0 0 0 0 0 0 0
1 1175 1289 189 546 4 1490 280 2 0 0 0 0 0 0 0 0 0 0 0 0 0 0 0 0 0
1 243 667 2 0 0 0 0 0 0 0 0 0 0 0 0 0 0 0 0 0 0 0 0 0 0
1 614 4 66 1229 1555 918 2 0 0 0 0 0 0 0 0 0 0 0 0 0 0 0 0 0 0
1 124 108 107 178 5 69 2 0 0 0 0 0 0 0 0 0 0 0 0 0 0 0 0 0 0
1 1541 2207 2422 74 2215 4 215 2 0 0 0 0 0 0 0 0 0 0 0 0 0 0 0 0 0
1 26 249 9 78 1374 4 2173 2399 5 882 1068 2 0 0 0 0 0 0 0 0 0 0 0 0 0
1 1701 488 967 5 42 1894 1375 17 386 2 0 0 0 0 0 0 0 0 0 0 0 0 0 0 0
1 2004 22 294 82 435 504 669 14 176 66 2128 2 0 0 0 0 0 0 0 0 0 0 0 0 0
1 205 514 15 6 8 271 7 8 420 177 9 144 163 117 2 0 0 0 0 0 0 0 0 0 0
1 902 129 1263 2 0 0 0 0 0 0 0 0 0 0 0 0 0 0 0 0 0 0 0 0 0
1 1257 1952 1708 584 13 891 325 2 0 0 0 0 0 0 0 0 0 0 0 0 0 0 0 0 0
1 801 4 976 6 1653 1848 1856 2 0 0 0 0 0 0 0 0 0 0 0 0 0 0 0 0 0
1 974 1725 10 1264 1027 8 492 2321 232 2218 2 0 0 0 0 0 0 0 0 0 0 0 0 0 0
1 12 149 1470 1761 2 0 0 0 0 0 0 0 0 0 0 0 0 0 0 0 0 0 0 0 0
1 12 185 470 1812 12 1080 470 2 0 0 0 0 0 0 0 0 0 0 0 0 0 0 0 0 0
1 52 346 313 302 806 2115 1213 6 1923 2 0 0 0 0 0 0 0 0 0 0 0 0 0 0 0
1 1203 539 724 1803 69 1639 6 694 509 2 0 0 0 0 0 0 0 0 0 0 0 0 0 0 0
1 55 370 2284 38 1674 671 177 2 0 0 0 0 0 0 0 0 0 0 0 0 0 0 0 0 0
1 619 707 1345 54 1494 245 284 2 0 0 0 0 0 0 0 0 0 0 0 0 0 0 0 0 0
1 881 781 1966 1993 1279 516 5 8 1378 348 2 0 0 0 0 0 0 0 0 0 0 0 0 0 0
1 279 9 8 374 20 169 500 246 152 2 0 0 0 0 0 0 0 0 0 0 0 0 0 0 0
1 99 662 555 613 9 1746 1727 5 261 1996 687 1144 552 2 0 0 0 0 0 0 0 0 0 0 0
1 330 2396 9 2318 830 4 798 1678 2414 2 0 0 0 0 0 0 0 0 0 0 0 0 0 0 0
1 1546 13 922 1104 109 4 2374 2 0 0 0 0 0 0 0 0 0 0 0 0 0 0 0 0 0
1 2194 331 1728 9 744 83 1798 2 0 0 0 0 0 0 0 0 0 0 0 0 0 0 0 0 0
1 388 1424 1758 418 1845 154 1058 452 2 0 0 0 0 0 0 0 0 0 0 0 0 0 0 0 0
1 1599 47 122 4 417 451 36 48 834 13 1516 120 5 627 1086 2 0 0 0 0 0 0 0 0 0
1 37 1412 2236 1889 1206 4 1272 2163 2 0 0 0 0 0 0 0 0 0 0 0 0 0 0 0 0
1 1997 1487 350 2 0 0 0 0 0 0 0 0 0 0 0 0 0 0 0 0 0 0 0 0 0
1 37 769 543 991 1660 642 2 0 0 0 0 0 0 0 0 0 0 0 0 0 0 0 0 0 0
1 67 5 1823 12 506 7 8 1915 1941 2 0 0 0 0 0 0 0 0 0 0 0 0 0 0 0
1 89 363 2234 2035 91 851 33 525 958 5 1401 243 791 1230 18 739 2 0 0 0 0 0 0 0 0
1 29 1128 738 1929 1453 53 50 1554 2 0 0 0 0 0 0 0 0 0 0 0 0 0 0 0 0
1 527 59 19 14 508 7 193 439 181 2 0 0 0 0 0 0 0 0 0 0 0 0 0 0 0
1 632 691 184 1220 2401 1139 2 0 0 0 0 0 0 0 0 0 0 0 0 0 0 0 0 0 0
1 428 258 392 391 274 114 305 10 478 114 275 2 0 0 0 0 0 0 0 0 0 0 0 0 0
1 1222 2248 813 150 433 65 186 656 356 13 697 6 673 2 0 0 0 0 0 0 0 0 0 0 0
1 1663 827 1273 1166 761 261 2112 4 37 2 0 0 0 0 0 0 0 0 0 0 0 0 0 0 0
1 784 1260 8 2144 2 0 0 0 0 0 0 0 0 0 0 0 0 0 0 0 0 0 0 0 0
1 71 111 48 34 9 123 1138 2 0 0 0 0 0 0 0 0 0 0 0 0 0 0 0 0 0
1 12 897 1311 1420 10 2190 973 2 0 0 0 0 0 0 0 0 0 0 0 0 0 0 0 0 0
1 2177 47 151 6 1840 2356 2 0 0 0 0 0 0 0 0 0 0 0 0 0 0 0 0 0 0
1 16 257 498 352 235 161 130 208 2 0 0 0 0 0 0 0 0 0 0 0 0 0 0 0 0
1 1030 140 5 1932 26 723 1956 2132 370 1300 166 2 0 0 0 0 0 0 0 0 0 0 0 0 0
1 2277 2204 1416 1303 657 49 1906 1880 30 162 2 0 0 0 0 0 0 0 0 0 0 0 0 0 0
1 929 2288 319 2184 1000 2220 148 22 2 0 0 0 0 0 0 0 0 0 0 0 0 0 0 0 0
1 1454 4 679 600 589 1106 1050 197 2 0 0 0 0 0 0 0 0 0 0 0 0 0 0 0 0
1 2328 2242 1330 1865 2 0 0 0 0 0 0 0 0 0 0 0 0 0 0 0 0 0 0 0 0
1 131 126 21 540 2425 2 0 0 0 0 0 0 0 0 0 0 0 0 0 0 0 0 0 0 0
1 2105 1091 1155 19 1772 646 219 4 1262 182 17 482 1283 2 0 0 0 0 0 0 0 0 0 0 0
1 431 480 1655 602 7 2089 10 1481 14 21 2420 1388 1192 2 0 0 0 0 0 0 0 0 0 0 0
1 71 111 48 123 378 7 94 34 2 0 0 0 0 0 0 0 0 0 0 0 0 0 0 0 0
1 131 126 21 540 715 2 0 0 0 0 0 0 0 0 0 0 0 0 0 0 0 0 0 0 0
1 172 476 210 496 2 0 0 0 0 0 0 0 0 0 0 0 0 0 0 0 0 0 0 0 0
1 241 1405 566 466 19 1815 109 4 11 748 18 1673 368 2 0 0 0 0 0 0 0 0 0 0 0
1 1938 221 2018 1641 1209 2310 49 1065 2 0 0 0 0 0 0 0 0 0 0 0 0 0 0 0 0
1 26 207 242 458 5 98 2 0 0 0 0 0 0 0 0 0 0 0 0 0 0 0 0 0 0
1 1534 1808 1040 765 2216 2208 1606 11 668 2 0 0 0 0 0 0 0 0 0 0 0 0 0 0 0
1 1227 2263 908 6 167 940 1652 4 419 2 0 0 0 0 0 0 0 0 0 0 0 0 0 0 0
1 423 59 2326 18 1083 52 171 1376 2 0 0 0 0 0 0 0 0 0 0 0 0 0 0 0 0
1 529 591 1314 7 551 306 267 2 0 0 0 0 0 0 0 0 0 0 0 0 0 0 0 0 0
1 449 90 5 1710 4 1939 1714 22 1320 2 0 0 0 0 0 0 0 0 0 0 0 0 0 0 0
1 521 1868 453 6 624 1393 333 2 0 0 0 0 0 0 0 0 0 0 0 0 0 0 0 0 0
1 1574 2011 1317 43 121 115 1343 19 138 530 2091 737 6 11 2392 2409 1199 2 0 0 0 0 0 0 0
1 431 480 11 1097 1305 2 0 0 0 0 0 0 0 0 0 0 0 0 0 0 0 0 0 0 0
1 46 1228 70 188 159 134 2 0 0 0 0 0 0 0 0 0 0 0 0 0 0 0 0 0 0
1 31 128 81 80 9 61 2 0 0 0 0 0 0 0 0 0 0 0 0 0 0 0 0 0 0
1 388 505 2362 2250 270 2 0 0 0 0 0 0 0 0 0 0 0 0 0 0 0 0 0 0 0
1 2383 7 8 385 2 0 0 0 0 0 0 0 0 0 0 0 0 0 0 0 0 0 0 0 0
1 26 207 242 458 5 98 2 0 0 0 0 0 0 0 0 0 0 0 0 0 0 0 0 0 0
1 1377 2337 1535 18 1092 1835 2005 2252 2 0 0 0 0 0 0 0 0 0 0 0 0 0 0 0 0
1 1642 1409 836 1605 1407 19 306 76 2 0 0 0 0 0 0 0 0 0 0 0 0 0 0 0 0
1 1003 86 64 56 1849 916 2 0 0 0 0 0 0 0 0 0 0 0 0 0 0 0 0 0 0
1 650 2315 2170 49 898 220 2323 722 1310 30 1217 246 1299 2325 2078 1935 469 2378 1406 2 0 0 0 0 0
1 183 532 9 505 5 1079 2072 2 0 0 0 0 0 0 0 0 0 0 0 0 0 0 0 0 0
1 205 514 15 6 8 271 7 8 420 177 9 144 163 117 2 0 0 0 0 0 0 0 0 0 0
1 89 288 351 2008 733 226 18 1432 2 0 0 0 0 0 0 0 0 0 0 0 0 0 0 0 0
1 104 27 2127 2238 693 743 1562 1152 6 1465 1886 1623 10 315 1090 2 0 0 0 0 0 0 0 0 0
1 524 1197 1689 236 28 1160 2 0 0 0 0 0 0 0 0 0 0 0 0 0 0 0 0 0 0
1 2231 1931 393 4 46 137 42 817 1844 1077 4 452 2101 1488 2023 2 0 0 0 0 0 0 0 0 0
1 287 1876 328 1024 2063 548 402 1151 2 0 0 0 0 0 0 0 0 0 0 0 0 0 0 0 0
1 1018 2295 1270 932 218 6 491 1102 13 1293 1729 2255 2 0 0 0 0 0 0 0 0 0 0 0 0
1 2077 185 1340 140 450 1053 2083 1225 531 2 0 0 0 0 0 0 0 0 0 0 0 0 0 0 0
1 2377 2235 1684 6 360 1675 1611 2 0 0 0 0 0 0 0 0 0 0 0 0 0 0 0 0 0
1 223 225 1994 445 117 1512 52 463 2300 2 0 0 0 0 0 0 0 0 0 0 0 0 0 0 0
1 172 476 210 496 2 0 0 0 0 0 0 0 0 0 0 0 0 0 0 0 0 0 0 0 0
1 2135 980 16 230 1853 103 676 161 1360 2027 2 0 0 0 0 0 0 0 0 0 0 0 0 0 0
1 79 2211 45 60 14 217 63 1871 6 1035 2 0 0 0 0 0 0 0 0 0 0 0 0 0 0
1 38 147 2165 103 1298 377 8 43 2 0 0 0 0 0 0 0 0 0 0 0 0 0 0 0 0
1 951 23 1084 10 493 2123 17 8 1707 7 1410 2 0 0 0 0 0 0 0 0 0 0 0 0 0
1 89 2363 1877 952 2333 1189 628 2 0 0 0 0 0 0 0 0 0 0 0 0 0 0 0 0 0
1 1892 1033 1198 432 87 1218 2 0 0 0 0 0 0 0 0 0 0 0 0 0 0 0 0 0 0
1 1829 8 1934 1161 1536 10 1399 20 412 2 0 0 0 0 0 0 0 0 0 0 0 0 0 0 0
1 1937 1640 1912 331 1658 1836 20 518 2 0 0 0 0 0 0 0 0 0 0 0 0 0 0 0 0
1 37 1464 138 943 1101 1145 616 359 43 121 115 4 828 2 0 0 0 0 0 0 0 0 0 0 0
1 2276 793 2150 2168 1492 767 1567 2 0 0 0 0 0 0 0 0 0 0 0 0 0 0 0 0 0
1 1183 386 2162 23 510 10 56 1651 5 1610 579 509 4 1319 2 0 0 0 0 0 0 0 0 0 0
1 529 213 1589 1998 7 1735 1043 2 0 0 0 0 0 0 0 0 0 0 0 0 0 0 0 0 0
1 272 86 42 18 269 456 394 353 2 0 0 0 0 0 0 0 0 0 0 0 0 0 0 0 0
1 1704 2244 2350 1479 215 7 2133 304 24 755 1290 2 0 0 0 0 0 0 0 0 0 0 0 0 0
1 263 653 497 25 88 5 984 332 20 444 2 0 0 0 0 0 0 0 0 0 0 0 0 0 0
1 16 1339 444 6 1431 2 0 0 0 0 0 0 0 0 0 0 0 0 0 0 0 0 0 0 0
1 867 2017 753 462 39 4 1158 1884 681 13 2352 57 1052 2120 1315 1879 2 0 0 0 0 0 0 0 0
1 1612 807 4 286 33 1990 477 615 307 190 256 1855 13 335 663 466 2 0 0 0 0 0 0 0 0
1 187 228 6 8 227 164 85 2 0 0 0 0 0 0 0 0 0 0 0 0 0 0 0 0 0
1 1237 2343 1832 59 40 441 13 312 218 2 0 0 0 0 0 0 0 0 0 0 0 0 0 0 0
1 45 60 35 113 63 448 79 2384 11 222 359 333 4 2179 2 0 0 0 0 0 0 0 0 0 0
1 1389 119 373 5 106 1711 1271 14 886 1325 20 518 2 0 0 0 0 0 0 0 0 0 0 0 0
1 1016 2106 1874 713 1757 495 2 0 0 0 0 0 0 0 0 0 0 0 0 0 0 0 0 0 0
1 2253 847 643 2349 1372 1545 779 2 0 0 0 0 0 0 0 0 0 0 0 0 0 0 0 0 0
1 1532 864 1732 855 2389 1786 2 0 0 0 0 0 0 0 0 0 0 0 0 0 0 0 0 0 0
1 2410 291 292 2278 157 5 1362 1312 2 0 0 0 0 0 0 0 0 0 0 0 0 0 0 0 0
1 235 218 6 356 57 266 1127 1795 2 0 0 0 0 0 0 0 0 0 0 0 0 0 0 0 0
1 79 2139 2421 2320 6 1356 203 1664 2 0 0 0 0 0 0 0 0 0 0 0 0 0 0 0 0
1 1136 1625 866 766 12 587 1509 2 0 0 0 0 0 0 0 0 0 0 0 0 0 0 0 0 0
1 734 2370 1130 825 2 0 0 0 0 0 0 0 0 0 0 0 0 0 0 0 0 0 0 0 0
1 879 1467 5 506 5 2222 4 379 1629 1819 20 1898 1506 2 0 0 0 0 0 0 0 0 0 0 0
1 55 381 6 202 4 384 155 2 0 0 0 0 0 0 0 0 0 0 0 0 0 0 0 0 0
1 187 228 6 8 227 164 85 2 0 0 0 0 0 0 0 0 0 0 0 0 0 0 0 0 0
1 144 163 117 10 8 2103 7 1657 2 0 0 0 0 0 0 0 0 0 0 0 0 0 0 0 0
1 153 97 2246 1742 920 2 0 0 0 0 0 0 0 0 0 0 0 0 0 0 0 0 0 0 0
1 1496 4 1347 10 1427 954 742 27 1278 2291 2 0 0 0 0 0 0 0 0 0 0 0 0 0 0
1 1696 179 414 1648 72 347 2 0 0 0 0 0 0 0 0 0 0 0 0 0 0 0 0 0 0
1 437 588 893 366 2178 849 2217 2313 10 1447 1093 2 0 0 0 0 0 0 0 0 0 0 0 0 0
1 16 220 6 8 245 7 1170 2 0 0 0 0 0 0 0 0 0 0 0 0 0 0 0 0 0
1 2014 1475 660 2 0 0 0 0 0 0 0 0 0 0 0 0 0 0 0 0 0 0 0 0 0
1 1032 604 23 14 1614 14 11 1327 2 0 0 0 0 0 0 0 0 0 0 0 0 0 0 0 0
1 35 16 963 447 178 4 1051 1267 129 850 7 1169 862 2 0 0 0 0 0 0 0 0 0 0 0
1 35 1483 146 151 4 903 11 1210 986 534 33 309 5 1992 409 2 0 0 0 0 0 0 0 0 0
1 153 97 2 0 0 0 0 0 0 0 0 0 0 0 0 0 0 0 0 0 0 0 0 0 0
1 297 342 471 285 289 310 389 2 0 0 0 0 0 0 0 0 0 0 0 0 0 0 0 0 0
1 16 2393 22 2307 885 21 754 327 2 0 0 0 0 0 0 0 0 0 0 0 0 0 0 0 0
1 1430 19 1618 2 0 0 0 0 0 0 0 0 0 0 0 0 0 0 0 0 0 0 0 0 0
1 1770 1146 135 706 5 1718 14 68 1214 2 0 0 0 0 0 0 0 0 0 0 0 0 0 0 0
1 418 77 883 1180 321 1774 2 0 0 0 0 0 0 0 0 0 0 0 0 0 0 0 0 0 0
1 995 7 278 971 924 561 7 11 1902 2243 104 2 0 0 0 0 0 0 0 0 0 0 0 0 0
1 1801 731 1626 266 626 2 0 0 0 0 0 0 0 0 0 0 0 0 0 0 0 0 0 0 0
1 1115 1242 501 1255 9 196 2 0 0 0 0 0 0 0 0 0 0 0 0 0 0 0 0 0 0
1 160 802 805 40 29 1706 2 0 0 0 0 0 0 0 0 0 0 0 0 0 0 0 0 0 0
1 1471 1679 96 447 5 756 1056 2 0 0 0 0 0 0 0 0 0 0 0 0 0 0 0 0 0
1 522 2006 7 1521 199 740 841 919 1247 209 2 0 0 0 0 0 0 0 0 0 0 0 0 0 0
1 286 182 1796 796 1771 17 1140 873 2 0 0 0 0 0 0 0 0 0 0 0 0 0 0 0 0
1 93 28 168 5 106 29 4 216 96 5 51 53 50 240 2 0 0 0 0 0 0 0 0 0 0
1 811 4 485 105 2210 464 357 1429 2 0 0 0 0 0 0 0 0 0 0 0 0 0 0 0 0
1 1474 2191 1304 30 262 997 635 1444 2 0 0 0 0 0 0 0 0 0 0 0 0 0 0 0 0
1 338 65 112 323 345 2 0 0 0 0 0 0 0 0 0 0 0 0 0 0 0 0 0 0 0
1 31 358 158 361 9 311 380 4 255 2 0 0 0 0 0 0 0 0 0 0 0 0 0 0 0
1 15 253 28 533 27 99 2 0 0 0 0 0 0 0 0 0 0 0 0 0 0 0 0 0 0
1 606 1045 5 2053 1741 6 983 17 752 2 0 0 0 0 0 0 0 0 0 0 0 0 0 0 0
1 52 8 1914 84 156 11 911 832 2 0 0 0 0 0 0 0 0 0 0 0 0 0 0 0 0
1 136 1178 1748 1047 137 299 186 182 1667 2360 1408 2 0 0 0 0 0 0 0 0 0 0 0 0 0
1 67 8 398 7 223 225 83 321 515 1131 2 0 0 0 0 0 0 0 0 0 0 0 0 0 0
1 877 853 957 2029 2 0 0 0 0 0 0 0 0 0 0 0 0 0 0 0 0 0 0 0 0
1 239 70 74 5 472 14 1976 188 11 159 1928 141 608 1493 186 74 2 0 0 0 0 0 0 0 0
1 272 86 42 18 269 456 394 353 2 0 0 0 0 0 0 0 0 0 0 0 0 0 0 0 0
1 1989 30 127 12 1060 1037 229 783 54 1489 2 0 0 0 0 0 0 0 0 0 0 0 0 0 0
1 1738 1116 1007 1515 1782 1810 695 2371 2 0 0 0 0 0 0 0 0 0 0 0 0 0 0 0 0
1 98 170 1165 727 336 2390 404 2 0 0 0 0 0 0 0 0 0 0 0 0 0 0 0 0 0
1 1740 6 593 1549 366 39 2118 398 2 0 0 0 0 0 0 0 0 0 0 0 0 0 0 0 0
1 2065 1775 568 942 1778 49 955 763 1446 229 1251 1392 1384 2 0 0 0 0 0 0 0 0 0 0 0
1 542 10 443 65 44 174 411 13 459 95 36 23 446 39 2 0 0 0 0 0 0 0 0 0 0
1 102 1523 1226 2257 224 2074 1252 2 0 0 0 0 0 0 0 0 0 0 0 0 0 0 0 0 0
1 12 907 7 220 5 2359 4 1042 2 0 0 0 0 0 0 0 0 0 0 0 0 0 0 0 0
1 172 70 209 5 159 134 2 0 0 0 0 0 0 0 0 0 0 0 0 0 0 0 0 0 0
1 45 60 63 35 217 63 448 148 22 2 0 0 0 0 0 0 0 0 0 0 0 0 0 0 0
1 200 631 652 74 1999 1525 27 1719 2 0 0 0 0 0 0 0 0 0 0 0 0 0 0 0 0
1 73 80 6 634 24 1353 5 858 1243 982 483 2193 2145 137 1208 18 8 1569 672 746 2 0 0 0 0
1 12 190 1785 2 0 0 0 0 0 0 0 0 0 0 0 0 0 0 0 0 0 0 0 0 0
1 46 686 410 1486 936 487 6 977 2 0 0 0 0 0 0 0 0 0 0 0 0 0 0 0 0
1 467 1698 109 224 248 1982 368 2 0 0 0 0 0 0 0 0 0 0 0 0 0 0 0 0 0
1 2086 859 21 15 58 91 75 2 0 0 0 0 0 0 0 0 0 0 0 0 0 0 0 0 0
1 1248 981 884 2271 1920 82 481 567 2 0 0 0 0 0 0 0 0 0 0 0 0 0 0 0 0
1 2395 441 749 11 641 141 2386 1644 184 768 324 7 1021 1156 2 0 0 0 0 0 0 0 0 0 0
1 102 116 1959 2007 55 1530 2229 1780 254 2 0 0 0 0 0 0 0 0 0 0 0 0 0 0 0
1 2258 2094 1258 82 2129 2 0 0 0 0 0 0 0 0 0 0 0 0 0 0 0 0 0 0 0
1 29 28 76 541 51 53 50 317 2 0 0 0 0 0 0 0 0 0 0 0 0 0 0 0 0
1 349 677 1948 1194 6 785 92 19 288 2 0 0 0 0 0 0 0 0 0 0 0 0 0 0 0
1 37 354 191 6 424 95 2 0 0 0 0 0 0 0 0 0 0 0 0 0 0 0 0 0 0
1 2338 44 139 592 401 2 0 0 0 0 0 0 0 0 0 0 0 0 0 0 0 0 0 0 0
1 2404 2066 430 493 5 887 2289 2 0 0 0 0 0 0 0 0 0 0 0 0 0 0 0 0 0
1 1468 1695 119 1089 27 1500 787 6 174 1141 538 2 0 0 0 0 0 0 0 0 0 0 0 0 0
1 2319 47 553 19 1683 460 7 2272 2 0 0 0 0 0 0 0 0 0 0 0 0 0 0 0 0
1 1974 1501 842 1985 2057 2 0 0 0 0 0 0 0 0 0 0 0 0 0 0 0 0 0 0 0
1 73 962 9 61 5 702 572 268 2 0 0 0 0 0 0 0 0 0 0 0 0 0 0 0 0
1 764 211 1907 696 2397 2 0 0 0 0 0 0 0 0 0 0 0 0 0 0 0 0 0 0 0
1 72 5 700 70 1814 6 365 1662 607 2368 535 2 0 0 0 0 0 0 0 0 0 0 0 0 0
1 26 196 238 176 66 2 0 0 0 0 0 0 0 0 0 0 0 0 0 0 0 0 0 0 0
1 2264 2069 2331 1669 1933 2 0 0 0 0 0 0 0 0 0 0 0 0 0 0 0 0 0 0 0
1 1682 1891 2 0 0 0 0 0 0 0 0 0 0 0 0 0 0 0 0 0 0 0 0 0 0
1 535 846 197 7 1133 636 154 2 0 0 0 0 0 0 0 0 0 0 0 0 0 0 0 0 0
1 2068 2153 1231 1744 2 0 0 0 0 0 0 0 0 0 0 0 0 0 0 0 0 0 0 0 0
1 788 818 262 831 1551 1560 136 319 383 2 0 0 0 0 0 0 0 0 0 0 0 0 0 0 0
1 15 253 28 533 27 99 2 0 0 0 0 0 0 0 0 0 0 0 0 0 0 0 0 0 0
1 2224 202 4 165 55 495 10 214 2 0 0 0 0 0 0 0 0 0 0 0 0 0 0 0 0
1 1261 2102 1433 1071 1049 17 1316 417 2 0 0 0 0 0 0 0 0 0 0 0 0 0 0 0 0
1 837 969 44 11 1458 7 1132 1397 516 2 0 0 0 0 0 0 0 0 0 0 0 0 0 0 0
1 774 244 1269 401 7 2024 576 2 0 0 0 0 0 0 0 0 0 0 0 0 0 0 0 0 0
1 376 334 124 108 107 5 69 27 494 2 0 0 0 0 0 0 0 0 0 0 0 0 0 0 0
1 2124 10 2049 71 1547 1456 845 2206 1182 2 0 0 0 0 0 0 0 0 0 0 0 0 0 0 0
1 2075 1975 2136 1280 1866 804 633 2 0 0 0 0 0 0 0 0 0 0 0 0 0 0 0 0 0
1 872 1872 145 120 5 201 2116 2 0 0 0 0 0 0 0 0 0 0 0 0 0 0 0 0 0
1 2148 1563 1960 2180 7 799 2 0 0 0 0 0 0 0 0 0 0 0 0 0 0 0 0 0 0
1 1450 1944 2090 1119 341 1986 562 2354 760 2 0 0 0 0 0 0 0 0 0 0 0 0 0 0 0
1 1764 2228 21 232 1737 4 1484 2 0 0 0 0 0 0 0 0 0 0 0 0 0 0 0 0 0
1 131 126 21 232 900 2 0 0 0 0 0 0 0 0 0 0 0 0 0 0 0 0 0 0 0
1 542 10 443 65 44 174 411 13 459 95 36 23 446 39 2 0 0 0 0 0 0 0 0 0 0
1 12 2122 680 2182 2 0 0 0 0 0 0 0 0 0 0 0 0 0 0 0 0 0 0 0 0
1 12 1193 62 11 1200 7 1059 1438 1913 11 1668 1108 2 0 0 0 0 0 0 0 0 0 0 0 0
1 160 1452 10 8 1505 7 1749 2 0 0 0 0 0 0 0 0 0 0 0 0 0 0 0 0 0
1 71 111 48 123 378 7 94 34 2 0 0 0 0 0 0 0 0 0 0 0 0 0 0 0 0
1 2186 716 6 180 537 438 1153 1046 2110 7 118 2298 747 1062 2 0 0 0 0 0 0 0 0 0 0
1 512 1157 11 1099 5 92 2 0 0 0 0 0 0 0 0 0 0 0 0 0 0 0 0 0 0
1 2093 151 4 647 179 750 2 0 0 0 0 0 0 0 0 0 0 0 0 0 0 0 0 0 0
1 1332 2366 704 532 54 970 6 808 654 1637 2 0 0 0 0 0 0 0 0 0 0 0 0 0 0
1 203 1181 8 2138 6 999 666 1337 295 2059 2 0 0 0 0 0 0 0 0 0 0 0 0 0 0
1 133 58 2055 290 1457 2003 405 84 291 2 0 0 0 0 0 0 0 0 0 0 0 0 0 0 0
1 1026 1004 674 1751 118 34 2388 935 2 0 0 0 0 0 0 0 0 0 0 0 0 0 0 0 0
1 1442 4 609 1281 574 2398 90 2214 2 0 0 0 0 0 0 0 0 0 0 0 0 0 0 0 0
1 906 857 2109 2 0 0 0 0 0 0 0 0 0 0 0 0 0 0 0 0 0 0 0 0 0
1 1713 1118 44 139 432 2 0 0 0 0 0 0 0 0 0 0 0 0 0 0 0 0 0 0 0
1 192 2379 25 1870 259 214 23 1847 24 503 536 204 175 1584 2 0 0 0 0 0 0 0 0 0 0
1 16 1472 100 1159 1520 2108 2 0 0 0 0 0 0 0 0 0 0 0 0 0 0 0 0 0 0
1 390 581 1355 238 1531 2245 1085 1568 1893 1817 2 0 0 0 0 0 0 0 0 0 0 0 0 0 0
1 1414 429 1721 701 35 1911 2400 1508 158 2175 874 1322 2 0 0 0 0 0 0 0 0 0 0 0 0
1 1967 1528 1638 1503 14 1793 2010 1048 949 2 0 0 0 0 0 0 0 0 0 0 0 0 0 0 0
1 2305 993 32 5 2254 17 8 1983 142 556 14 11 2002 2 0 0 0 0 0 0 0 0 0 0 0
1 187 228 6 8 227 164 85 2 0 0 0 0 0 0 0 0 0 0 0 0 0 0 0 0 0
1 570 2233 1539 6 688 283 4 896 2 0 0 0 0 0 0 0 0 0 0 0 0 0 0 0 0
1 2213 195 1236 789 4 1254 36 2 0 0 0 0 0 0 0 0 0 0 0 0 0 0 0 0 0
1 55 523 2032 1628 46 523 899 2 0 0 0 0 0 0 0 0 0 0 0 0 0 0 0 0 0
1 683 2098 25 332 2130 1649 1830 1223 72 2 0 0 0 0 0 0 0 0 0 0 0 0 0 0 0
1 247 795 1088 10 2166 1583 2039 2293 38 16 104 445 183 2 0 0 0 0 0 0 0 0 0 0 0
1 923 244 320 191 5 1783 1730 2 0 0 0 0 0 0 0 0 0 0 0 0 0 0 0 0 0
1 617 1552 16 230 54 1335 2230 30 1550 2381 2 0 0 0 0 0 0 0 0 0 0 0 0 0 0
1 15 1607 2056 375 212 2 0 0 0 0 0 0 0 0 0 0 0 0 0 0 0 0 0 0 0
1 1025 5 1895 6 77 4 16 308 2 0 0 0 0 0 0 0 0 0 0 0 0 0 0 0 0
1 1510 651 998 7 369 1685 2287 890 25 1423 369 1705 649 2 0 0 0 0 0 0 0 0 0 0 0
1 1777 2147 590 406 2262 4 219 5 599 1831 2 0 0 0 0 0 0 0 0 0 0 0 0 0 0
1 718 41 9 1888 2 0 0 0 0 0 0 0 0 0 0 0 0 0 0 0 0 0 0 0 0
1 131 126 21 968 129 833 2 0 0 0 0 0 0 0 0 0 0 0 0 0 0 0 0 0 0
1 30 8 43 2 0 0 0 0 0 0 0 0 0 0 0 0 0 0 0 0 0 0 0 0 0
1 124 108 107 178 5 69 2 0 0 0 0 0 0 0 0 0 0 0 0 0 0 0 0 0 0
1 12 395 7 8 29 772 2 0 0 0 0 0 0 0 0 0 0 0 0 0 0 0 0 0 0
1 195 1435 1190 173 56 18 308 1600 1747 2 0 0 0 0 0 0 0 0 0 0 0 0 0 0 0
1 2256 436 1587 1094 340 1113 2 0 0 0 0 0 0 0 0 0 0 0 0 0 0 0 0 0 0
1 149 371 4 1308 2294 7 2028 18 1363 2 0 0 0 0 0 0 0 0 0 0 0 0 0 0 0
1 152 519 1497 2156 8 77 2 0 0 0 0 0 0 0 0 0 0 0 0 0 0 0 0 0 0
1 1235 1373 670 210 180 537 1581 2021 2 0 0 0 0 0 0 0 0 0 0 0 0 0 0 0 0
1 364 485 20 1216 38 1950 1191 20 2 0 0 0 0 0 0 0 0 0 0 0 0 0 0 0 0
1 2169 199 947 644 8 507 7 1882 730 2 0 0 0 0 0 0 0 0 0 0 0 0 0 0 0
1 736 1559 4 1671 1820 4 1215 950 2 0 0 0 0 0 0 0 0 0 0 0 0 0 0 0 0
1 434 1580 4 1253 11 2160 7 1449 2 0 0 0 0 0 0 0 0 0 0 0 0 0 0 0 0
1 1240 56 4 482 1187 2 0 0 0 0 0 0 0 0 0 0 0 0 0 0 0 0 0 0 0
1 527 59 19 14 508 7 193 439 181 2 0 0 0 0 0 0 0 0 0 0 0 0 0 0 0
1 1594 296 85 41 57 2199 4 1443 1690 863 1135 199 10 934 630 1843 2 0 0 0 0 0 0 0 0
1 351 1643 777 250 6 1354 2 0 0 0 0 0 0 0 0 0 0 0 0 0 0 0 0 0 0
1 2405 52 573 2080 2185 1411 2332 1421 1186 1041 2232 2 0 0 0 0 0 0 0 0 0 0 0 0 0
1 2303 1526 170 20 103 30 1268 675 1321 129 1074 75 293 2051 2406 2 0 0 0 0 0 0 0 0 0
1 2176 6 1617 62 2025 283 64 8 234 1507 2 0 0 0 0 0 0 0 0 0 0 0 0 0 0
1 387 800 34 1592 1573 4 219 5 407 856 390 2 0 0 0 0 0 0 0 0 0 0 0 0 0
1 1578 1860 1395 1306 564 1598 2 0 0 0 0 0 0 0 0 0 0 0 0 0 0 0 0 0 0
1 1202 71 111 48 34 9 123 2345 2 0 0 0 0 0 0 0 0 0 0 0 0 0 0 0 0
1 1385 2061 17 741 2062 2 0 0 0 0 0 0 0 0 0 0 0 0 0 0 0 0 0 0 0
1 712 501 1988 250 27 782 2 0 0 0 0 0 0 0 0 0 0 0 0 0 0 0 0 0 0
1 771 102 116 393 249 6 2344 2 0 0 0 0 0 0 0 0 0 0 0 0 0 0 0 0 0
1 169 44 78 1807 4 1590 2 0 0 0 0 0 0 0 0 0 0 0 0 0 0 0 0 0 0
1 12 2043 2316 300 569 167 12 1069 2 0 0 0 0 0 0 0 0 0 0 0 0 0 0 0 0
1 1645 596 8 2364 254 2 0 0 0 0 0 0 0 0 0 0 0 0 0 0 0 0 0 0 0
1 797 7 8 504 2126 512 1396 2329 173 2 0 0 0 0 0 0 0 0 0 0 0 0 0 0 0
1 130 1485 875 146 5 1234 1351 24 1947 1869 2 0 0 0 0 0 0 0 0 0 0 0 0 0 0
1 15 5 1972 2158 455 2416 2302 2 0 0 0 0 0 0 0 0 0 0 0 0 0 0 0 0 0
1 699 179 414 1666 72 347 2 0 0 0 0 0 0 0 0 0 0 0 0 0 0 0 0 0 0
1 1204 786 571 2317 1665 1259 2346 8 385 6 1867 13 2268 24 661 2198 2 0 0 0 0 0 0 0 0
1 1753 207 1787 440 1066 1011 1338 104 2 0 0 0 0 0 0 0 0 0 0 0 0 0 0 0 0
1 1904 1556 1164 2413 2 0 0 0 0 0 0 0 0 0 0 0 0 0 0 0 0 0 0 0 0
1 396 1724 47 56 4 2022 2 0 0 0 0 0 0 0 0 0 0 0 0 0 0 0 0 0 0
1 223 225 2225 438 1971 47 2 0 0 0 0 0 0 0 0 0 0 0 0 0 0 0 0 0 0
1 1476 7 119 33 1533 13 1149 1039 1946 2 0 0 0 0 0 0 0 0 0 0 0 0 0 0 0
1 1558 1792 2081 2417 1005 2 0 0 0 0 0 0 0 0 0 0 0 0 0 0 0 0 0 0 0
1 1352 4 15 1201 814 944 10 2084 167 580 488 20 427 2 0 0 0 0 0 0 0 0 0 0 0
1 140 1309 946 1875 10 1522 1422 64 860 1579 39 11 959 1596 2104 13 1680 2 0 0 0 0 0 0 0
1 376 334 124 108 107 5 69 27 494 2 0 0 0 0 0 0 0 0 0 0 0 0 0 0 0
1 221 422 1851 49 979 1681 2 0 0 0 0 0 0 0 0 0 0 0 0 0 0 0 0 0 0
1 67 1380 1622 1036 714 645 1383 5 78 8 2402 19 57 206 550 2 0 0 0 0 0 0 0 0 0
1 2050 1514 2 0 0 0 0 0 0 0 0 0 0 0 0 0 0 0 0 0 0 0 0 0 0
1 2095 453 2380 4 115 7 133 436 1564 27 1415 710 521 2 0 0 0 0 0 0 0 0 0 0 0
1 1185 2085 462 39 4 2142 638 1498 2 0 0 0 0 0 0 0 0 0 0 0 0 0 0 0 0
1 31 128 81 80 9 61 2 0 0 0 0 0 0 0 0 0 0 0 0 0 0 0 0 0 0
1 103 1154 8 648 1767 2 0 0 0 0 0 0 0 0 0 0 0 0 0 0 0 0 0 0 0
1 560 5 300 276 725 14 2195 1797 664 2 0 0 0 0 0 0 0 0 0 0 0 0 0 0 0
1 425 281 32 298 499 4 416 7 502 110 2 0 0 0 0 0 0 0 0 0 0 0 0 0 0
1 840 1716 6 8 1659 1816 20 12 1096 166 2 0 0 0 0 0 0 0 0 0 0 0 0 0 0
1 1205 336 226 6 474 14 948 854 848 2 0 0 0 0 0 0 0 0 0 0 0 0 0 0 0
1 38 437 7 165 2015 429 2 0 0 0 0 0 0 0 0 0 0 0 0 0 0 0 0 0 0
1 160 1111 1821 4 2001 9 961 2183 301 40 583 2 0 0 0 0 0 0 0 0 0 0 0 0 0
1 113 145 120 5 28 143 4 1538 36 2 0 0 0 0 0 0 0 0 0 0 0 0 0 0 0
1 941 1609 290 1031 1769 2197 136 1466 1763 2 0 0 0 0 0 0 0 0 0 0 0 0 0 0 0
1 1124 34 2391 1344 901 490 426 2 0 0 0 0 0 0 0 0 0 0 0 0 0 0 0 0 0
1 563 1162 87 5 2157 1323 2 0 0 0 0 0 0 0 0 0 0 0 0 0 0 0 0 0 0
1 67 1072 194 360 2038 367 1177 54 2296 75 1107 577 2 0 0 0 0 0 0 0 0 0 0 0 0
1 423 1984 1826 1577 127 1418 1342 2 0 0 0 0 0 0 0 0 0 0 0 0 0 0 0 0 0
1 461 237 64 233 17 337 413 2 0 0 0 0 0 0 0 0 0 0 0 0 0 0 0 0 0
1 1717 13 78 2 0 0 0 0 0 0 0 0 0 0 0 0 0 0 0 0 0 0 0 0 0
1 322 339 457 362 260 273 473 2 0 0 0 0 0 0 0 0 0 0 0 0 0 0 0 0 0
1 1647 83 32 4 1631 9 1333 2275 2 0 0 0 0 0 0 0 0 0 0 0 0 0 0 0 0
1 1451 843 1813 2030 910 2 0 0 0 0 0 0 0 0 0 0 0 0 0 0 0 0 0 0 0
1 1295 142 486 84 720 2 0 0 0 0 0 0 0 0 0 0 0 0 0 0 0 0 0 0 0
1 1736 2060 1437 1794 776 2152 5 2037 2 0 0 0 0 0 0 0 0 0 0 0 0 0 0 0 0
1 355 1743 1015 41 1700 598 4 623 2 0 0 0 0 0 0 0 0 0 0 0 0 0 0 0 0
1 82 435 4 1859 1054 2205 2140 10 15 212 20 427 2 0 0 0 0 0 0 0 0 0 0 0 0
1 655 2286 2096 4 810 1661 1712 4 343 1491 2 0 0 0 0 0 0 0 0 0 0 0 0 0 0
1 316 889 1955 931 2 0 0 0 0 0 0 0 0 0 0 0 0 0 0 0 0 0 0 0 0
1 1940 2279 1961 5 1462 1699 24 1818 2 0 0 0 0 0 0 0 0 0 0 0 0 0 0 0 0
1 1073 1331 1369 396 6 1756 1654 1038 7 479 2 0 0 0 0 0 0 0 0 0 0 0 0 0 0
1 2196 2330 38 1925 162 826 717 904 2 0 0 0 0 0 0 0 0 0 0 0 0 0 0 0 0
1 1604 100 554 1440 7 780 2 0 0 0 0 0 0 0 0 0 0 0 0 0 0 0 0 0 0
1 55 381 6 202 4 384 155 2 0 0 0 0 0 0 0 0 0 0 0 0 0 0 0 0 0
1 461 237 64 233 17 337 413 2 0 0 0 0 0 0 0 0 0 0 0 0 0 0 0 0 0
1 31 198 73 231 9 132 2 0 0 0 0 0 0 0 0 0 0 0 0 0 0 0 0 0 0
1 1349 513 2009 408 1171 2016 2 0 0 0 0 0 0 0 0 0 0 0 0 0 0 0 0 0 0
1 322 339 457 362 260 273 473 2 0 0 0 0 0 0 0 0 0 0 0 0 0 0 0 0 0
1 46 77 22 9 329 403 157 2223 2 0 0 0 0 0 0 0 0 0 0 0 0 0 0 0 0
